15 50
63.94  2.50  27.50  22.32  73.65  67.67  89.22  8.69  42.19  2.98  21.86  50.54  2.65  19.88  64.99  54.49  22.04  58.93  80.94  0.65  80.58  69.81  34.03  15.55  95.72  33.66  9.27  9.67  84.75  60.37  80.71  72.97  53.62  97.31  37.85  55.20  82.94  61.85  86.17  57.74  70.46  4.58  22.79  28.94  7.98  23.28  10.10  27.80  63.57  36.48
37.02  20.95  26.70  93.67  64.80  60.91  17.11  72.91  16.34  37.95  98.95  64.00  55.69  68.46  84.29  77.60  22.90  3.21  31.55  26.77  21.10  94.29  87.64  31.47  65.54  39.56  91.45  45.89  26.49  24.66  56.14  26.27  58.46  89.78  39.94  21.93  99.75  50.95  9.09  4.71  10.96  62.74  79.21  42.22  6.35  38.16  99.61  52.91  97.11  86.08
1.15  72.07  68.17  53.70  26.68  64.10  11.16  43.48  45.37  95.38  87.59  26.34  50.06  17.87  91.26  87.05  29.84  63.89  60.90  15.28  76.25  53.94  77.86  53.04  0.06  32.42  1.95  92.91  87.87  83.17  30.75  5.79  87.80  94.69  8.57  48.60  6.92  76.06  76.58  12.84  47.53  54.98  26.51  87.24  42.31  21.18  53.93  72.99  20.12  31.17
99.51  64.99  43.81  51.76  12.10  22.47  33.81  58.83  23.01  22.02  7.10  63.11  22.89  90.54  85.96  7.09  23.80  66.90  21.42  13.23  93.55  57.10  47.27  78.46  80.75  19.04  9.69  43.11  42.36  46.70  72.91  67.34  98.42  9.84  40.26  33.93  86.17  24.87  19.02  44.86  42.19  27.85  24.98  92.33  44.31  86.13  55.03  5.06  99.93  83.60
96.90  92.64  84.87  16.63  48.56  21.37  40.10  5.86  37.90  98.53  26.52  78.41  45.50  42.30  95.73  99.54  55.58  71.84  15.48  29.67  96.87  57.92  54.22  74.80  5.72  58.42  50.29  85.27  15.74  96.08  8.01  18.58  59.50  67.52  23.52  11.99  89.03  24.62  59.45  61.94  41.92  58.37  52.28  93.47  20.43  71.62  23.87  39.58  67.17  30.00
31.62  75.19  7.25  45.83  99.85  99.61  7.33  21.32  26.52  93.33  88.09  87.93  36.95  15.77  83.37  70.35  61.17  98.72  65.40  0.78  81.71  29.94  66.34  93.89  13.43  11.54  10.70  55.32  27.23  60.48  71.76  20.36  63.42  26.40  48.85  90.53  84.61  9.23  42.36  27.67  0.35  77.11  63.71  26.20  74.12  55.17  42.77  0.97  7.52  88.31
90.39  54.56  83.46  58.25  14.81  12.74  30.83  89.90  79.61  86.07  89.89  21.01  24.95  10.28  78.01  88.41  40.64  62.07  15.46  92.99  86.46  97.62  81.08  88.14  2.48  73.66  33.22  93.08  80.22  86.41  81.07  26.68  78.74  10.81  87.22  85.86  22.24  81.66  46.03  30.52  79.53  22.76  2.37  19.31  32.83  86.44  96.69  27.91  64.15  39.97
98.11  53.62  93.92  11.53  97.04  17.86  96.25  26.55  10.84  43.46  72.85  31.37  60.62  51.14  38.52  57.66  25.47  70.88  0.17  92.56  53.85  71.94  74.20  67.06  36.42  7.00  66.42  33.02  31.39  84.80  71.98  30.03  30.93  40.84  40.24  29.57  12.73  42.04  94.04  67.73  90.28  61.55  30.09  54.79  0.04  28.69  42.99  58.00  65.47  46.50
44.22  21.37  47.32  90.12  79.60  16.97  8.48  51.55  63.29  33.52  81.84  75.11  67.28  22.46  19.91  2.44  24.48  47.51  84.97  7.28  41.44  62.98  19.44  69.64  49.44  24.40  65.61  0.55  75.10  77.00  10.66  42.51  17.59  95.80  51.80  5.02  24.92  84.83  45.65  80.14  66.76  98.79  59.55  95.00  89.14  61.27  71.93  50.48  83.06  54.79
89.72  74.37  47.47  25.92  24.72  63.77  76.58  52.13  62.67  27.46  7.75  28.57  27.17  31.97  54.02  13.84  23.13  69.39  70.64  6.42  40.76  54.26  41.58  20.68  42.01  90.48  58.41  69.55  85.67  76.56  38.04  0.59  35.18  75.35  85.34  95.34  41.90  74.75  54.61  60.33  22.05  21.94  43.58  2.90  33.61  67.91  40.43  16.50  46.74  12.76
62.23  2.70  39.40  56.44  2.71  64.27  13.57  46.17  5.03  37.91  21.17  32.68  76.12  37.91  75.20  83.19  25.23  8.19  1.94  53.94  99.99  35.00  65.01  78.12  65.18  75.42  94.96  19.94  2.04  15.24  12.62  66.95  56.40  21.80  69.95  76.69  16.78  60.72  74.79  11.45  81.93  96.47  10.81  2.57  31.20  67.73  95.82  39.67  71.50  7.60
69.06  62.72  10.19  77.25  85.03  60.04  12.11  98.38  78.26  34.72  42.84  37.06  50.60  34.12  84.96  82.23  10.55  96.08  63.56  82.87  70.73  43.55  73.38  96.55  27.01  80.82  53.82  48.35  43.56  73.10  26.84  85.17  83.07  8.67  88.16  24.39  46.47  61.03  37.90  2.87  85.10  18.18  21.21  79.78  34.03  88.03  70.12  27.63  1.02  94.81
8.56  72.01  48.86  75.82  69.06  64.59  49.08  79.29  9.31  22.16  69.18  30.62  58.16  47.33  53.09  42.55  74.59  33.08  70.29  27.09  25.14  12.07  19.26  11.96  53.59  76.22  18.51  21.64  48.42  72.46  97.66  52.46  28.30  10.05  19.41  22.75  17.94  1.41  53.41  27.43  97.43  55.34  69.74  12.63  86.85  49.09  87.27  57.41  46.94  44.05
18.44  5.14  94.11  47.77  82.21  40.07  7.41  62.94  5.36  14.92  56.28  30.38  99.39  11.85  76.44  60.63  79.07  22.57  52.26  45.05  44.27  86.02  99.00  30.54  62.10  60.96  74.01  94.76  20.78  21.10  66.04  15.71  17.38  7.51  0.27  45.05  59.38  29.13  23.15  70.70  70.30  45.40  68.74  92.39  78.78  62.51  66.12  93.37  42.51  54.46
64.76  90.84  82.66  7.14  16.59  30.76  74.90  56.92  28.86  12.44  68.87  69.97  94.27  50.05  49.38  8.04  3.99  43.20  32.23  25.04  9.13  96.19  83.60  57.52  95.08  99.96  67.23  26.95  4.02  75.63  47.05  65.15  91.61  18.15  58.53  63.48  49.17  9.12  34.80  33.33  67.01  85.77  32.98  69.37  28.82  94.52  81.36  55.01  45.48  31.45
