14 14
81.97  51.25  63.75  61.16  86.82  83.83  94.61  0.01  71.10  51.49  60.93  75.27  51.33  59.94
82.49  77.25  61.02  79.46  90.47  50.32  90.29  0.01  67.01  57.77  97.86  66.83  54.64  54.84
92.37  80.19  90.36  86.49  76.81  98.66  68.93  0.01  91.47  80.93  93.09  78.87  85.23  52.29
61.39  64.47  53.99  61.64  55.05  63.90  81.78  0.01  68.51  60.48  63.35  96.83  82.40  80.46
58.56  86.46  58.17  68.97  99.48  82.00  77.85  0.01  92.14  88.80  61.45  51.61  65.77  63.39
60.55  97.15  93.82  65.73  82.77  69.78  95.73  0.01  63.24  62.33  78.07  63.14  79.23  94.89
69.97  60.97  99.88  75.48  54.55  52.36  55.48  0.01  89.60  71.11  53.18  69.08  99.81  76.46
98.55  93.04  50.57  86.04  84.09  76.85  63.34  0.01  55.58  71.74  72.69  97.69  93.79  63.17
75.03  58.93  95.63  93.53  64.92  81.95  80.45  0.01  88.13  76.97  88.93  76.52  50.03  66.21
50.97  96.45  93.94  91.58  65.38  52.90  93.90  0.01  54.28  74.30  53.46  88.03  88.29  56.42
73.76  77.49  63.25  93.62  71.16  60.59  76.96  0.01  60.06  65.59  99.76  82.49  71.91  75.88
56.05  61.23  66.90  79.42  61.51  61.01  53.55  0.01  61.45  95.27  92.98  53.54  61.90  83.45
60.71  56.62  96.78  78.55  73.63  89.23  90.37  0.01  54.85  71.55  71.18  73.35  86.45  83.67
99.21  54.92  70.13  66.97  93.08  62.43  59.51  0.01  71.09  63.93  62.49  96.16  72.16  93.07
