10 10
63.94  2.50  27.50  22.32  73.65  67.67  89.22  8.69  42.19  2.98
21.86  50.54  2.65  19.88  64.99  54.49  22.04  58.93  80.94  0.65
80.58  69.81  34.03  15.55  95.72  33.66  9.27  9.67  84.75  60.37
80.71  72.97  53.62  97.31  37.85  55.20  82.94  61.85  86.17  57.74
70.46  4.58  22.79  28.94  7.98  23.28  10.10  27.80  63.57  36.48
37.02  20.95  26.70  93.67  64.80  60.91  17.11  72.91  16.34  37.95
98.95  64.00  55.69  68.46  84.29  77.60  22.90  3.21  31.55  26.77
21.10  94.29  87.64  31.47  65.54  39.56  91.45  45.89  26.49  24.66
56.14  26.27  58.46  89.78  39.94  21.93  99.75  50.95  9.09  4.71
10.96  62.74  79.21  42.22  6.35  38.16  99.61  52.91  97.11  86.08
