14 14
5.00  5.00  5.00  5.00  5.00  5.00  5.00  5.00  5.00  5.00  5.00  5.00  5.00  5.00
5.00  5.00  5.00  5.00  5.00  5.00  5.00  5.00  5.00  5.00  5.00  5.00  5.00  5.00
5.00  5.00  5.00  5.00  5.00  5.00  5.00  5.00  5.00  5.00  5.00  5.00  5.00  5.00
5.00  5.00  5.00  5.00  5.00  5.00  5.00  5.00  5.00  5.00  5.00  5.00  5.00  5.00
5.00  5.00  5.00  5.00  5.00  5.00  5.00  5.00  5.00  5.00  5.00  5.00  5.00  5.00
5.00  5.00  5.00  5.00  5.00  5.00  5.00  5.00  5.00  5.00  5.00  5.00  5.00  5.00
5.00  5.00  5.00  5.00  5.00  5.00  5.00  5.00  5.00  5.00  5.00  5.00  5.00  5.00
5.00  5.00  5.00  5.00  5.00  5.00  5.00  5.00  5.00  5.00  5.00  5.00  5.00  5.00
5.00  5.00  5.00  5.00  5.00  5.00  5.00  5.00  5.00  5.00  5.00  5.00  5.00  5.00
5.00  5.00  5.00  5.00  5.00  5.00  5.00  5.00  5.00  5.00  5.00  5.00  5.00  5.00
5.00  5.00  5.00  5.00  5.00  5.00  5.00  5.00  5.00  5.00  5.00  5.00  5.00  5.00
5.00  5.00  5.00  5.00  5.00  5.00  5.00  5.00  5.00  5.00  5.00  5.00  5.00  5.00
5.00  5.00  5.00  5.00  5.00  5.00  5.00  5.00  5.00  5.00  5.00  5.00  5.00  5.00
5.00  5.00  5.00  5.00  5.00  5.00  5.00  5.00  5.00  5.00  5.00  5.00  5.00  5.00
